nSample: 27
nDof: 20
pos:
0.050278 -0.0115409 -0.0178685 0.089504 -0.0678137 -0.00169268 -0.224796 0.172953 -0.0957584 -0.274415 0.424267 0.00211279 0.00128872 0.721399 -0.187304 -0.072226 -0.52728 0.18629 -0.110069 -0.00978261
0.0299222 -0.0012847 -0.0258776 0.129356 -0.0741612 -0.00146468 -0.227357 0.181598 -0.0575918 -0.394998 0.342546 -0.030137 0.00508986 0.708333 -0.196034 -0.0702856 -0.614103 0.0809741 -0.0744292 -0.00764522
0.0130875 -0.00765425 -0.0378728 0.163557 -0.0782789 0.00967221 -0.162272 0.157111 -0.0121324 -0.601738 0.162155 -0.043366 0.00521813 0.682771 -0.192998 -0.0373278 -0.662903 0.026454 -0.0560223 -0.00845562
-0.00589307 -0.0416567 -0.0631777 0.214602 -0.0758015 0.0197921 -0.0952707 0.106783 0.00441765 -0.762183 -0.0921226 -0.0504072 0.00472646 0.657 -0.188409 0.00644513 -0.7084 0.11797 -0.0438175 -0.00649649
-0.0197924 -0.0659504 -0.0683905 0.254953 -0.072755 0.0200982 0.0237409 0.0782637 0.0143076 -0.980664 -0.14698 -0.0132695 -0.0013443 0.611762 -0.175883 0.030291 -0.723066 0.183749 -0.0322936 -0.0053413
-0.0118121 -0.0724714 -0.0600883 0.284822 -0.0668981 0.0289786 0.159288 0.0551309 0.0249272 -1.13272 -0.121064 0.0362572 -0.00199261 0.552099 -0.166826 0.037396 -0.706977 0.231228 -0.01697 -0.0048469
0.0105381 -0.0548926 -0.0435288 0.310304 -0.0595815 0.0469395 0.286505 0.0427925 0.0481725 -1.17944 -0.0619628 0.0769747 -0.00412995 0.480271 -0.171523 0.0331479 -0.673025 0.270662 -0.00409756 -0.00514236
0.0170278 -0.0265914 -0.0306852 0.342435 -0.0526576 0.0524939 0.381152 0.0496549 0.0671972 -1.11576 -0.00462269 0.0875066 -0.00169539 0.400033 -0.185559 0.0264952 -0.631044 0.307434 0.00251903 -0.00520899
0.000873388 -0.0113312 -0.0339846 0.389364 -0.0472528 0.0367725 0.445346 0.0728239 0.0676048 -0.980953 0.0500085 0.0637501 -0.00292743 0.3173 -0.193776 0.0211668 -0.585675 0.342733 0.00123568 -0.00430125
-0.0222747 -0.00913613 -0.048954 0.447315 -0.0449296 0.0105331 0.496527 0.109283 0.0566172 -0.817024 0.155271 0.0163166 -0.000736734 0.229383 -0.194206 0.0141029 -0.529565 0.373755 -0.00406913 -0.0029949
-0.0282376 -0.00616721 -0.0631779 0.497109 -0.0447597 9.69373e-05 0.539432 0.15027 0.0421963 -0.63097 0.114085 -0.0170894 -0.00714112 0.147785 -0.199071 0.010791 -0.465815 0.394705 -0.00612537 -0.00209895
-0.0379902 0.0109762 -0.0706582 0.53961 -0.0488641 -0.00434511 0.5944 0.177324 0.0324943 -0.517847 0.016398 0.0374781 -0.0103516 0.0722678 -0.218156 0.0185056 -0.418047 0.417267 -0.00176883 -0.0010611
-0.0543643 0.0311695 -0.0685944 0.583629 -0.0576785 -0.0159128 0.65735 0.198834 0.0240268 -0.543531 0.0578875 0.0738349 -0.0154318 -0.0197181 -0.239987 0.0271332 -0.363769 0.446258 0.00857232 -0.000117498
-0.0522434 0.040722 -0.0669633 0.629541 -0.0654628 -0.0240793 0.679781 0.23231 0.0103622 -0.562979 0.0689165 0.0707269 -0.0215261 -0.104661 -0.249127 0.0213054 -0.320225 0.446837 0.0246335 0.000683741
-0.0255669 0.0378004 -0.066525 0.673773 -0.0699046 -0.0288495 0.664373 0.258226 -0.0156442 -0.574381 0.0506054 0.0476671 -0.0243991 -0.166779 -0.223168 -0.00809622 -0.304979 0.411664 0.0327229 0.00355914
0.0129054 0.0224414 -0.062583 0.714879 -0.0731314 -0.0332034 0.632862 0.262806 -0.0515792 -0.598955 0.0505864 0.0302923 -0.0213093 -0.186148 -0.186008 -0.0609852 -0.369461 0.349664 0.0408021 0.00315318
0.00856215 0.012522 -0.0863757 0.751397 -0.0779316 -0.0732259 0.625568 0.28347 -0.0903156 -0.65479 0.150371 -0.00356127 -0.0222303 -0.095427 -0.174054 -0.145795 -0.70703 -0.124953 -0.0360193 -0.000684291
0.0314946 0.0348405 -0.0965516 0.796858 -0.079157 -0.0828809 0.580525 0.277344 -0.135356 -0.688167 0.233489 -0.0294006 -0.0226132 -0.00480764 -0.120727 -0.174728 -0.907777 -0.250202 -0.0977542 -0.00302331
0.044955 0.0489531 -0.0942628 0.829942 -0.0778275 -0.0847123 0.529966 0.266683 -0.158544 -0.692386 0.288039 -0.0516159 -0.021834 0.133417 -0.0671604 -0.186667 -1.10706 -0.233371 -0.119738 -0.00394968
0.0449189 0.0524376 -0.0839591 0.856728 -0.0720711 -0.0839335 0.468957 0.254757 -0.162105 -0.665782 0.320118 -0.0652119 -0.0199181 0.293507 -0.0219096 -0.182824 -1.2222 -0.159307 -0.146936 -0.00425338
0.0459729 0.0486666 -0.0685659 0.88834 -0.0632195 -0.0774854 0.387366 0.242296 -0.15816 -0.616901 0.34133 -0.0661582 -0.0169845 0.412084 0.00233005 -0.174991 -1.20768 -0.0842714 -0.171121 -0.00308803
0.0582467 0.0464075 -0.0587608 0.936175 -0.0543108 -0.0604055 0.285316 0.225353 -0.152772 -0.554976 0.363885 -0.0558891 -0.0130488 0.477663 0.0038042 -0.167672 -1.09615 -0.0232581 -0.164343 0.00227386
0.072429 0.0432401 -0.0576986 1.00024 -0.0506947 -0.042152 0.168752 0.208492 -0.147454 -0.487211 0.398031 -0.0409427 -0.00894118 0.515182 -0.0153459 -0.16728 -0.962887 0.111123 -0.115585 -0.00026326
0.0629928 0.0423108 -0.0551733 1.0617 -0.0518062 -0.0364287 0.0532824 0.194664 -0.133296 -0.414095 0.429771 -0.0290129 -0.00595514 0.541195 -0.0410827 -0.153063 -0.813004 0.171823 -0.0707391 -0.000902854
0.0467784 0.0277551 -0.0453681 1.10948 -0.0556855 -0.0375723 -0.0464322 0.19009 -0.121387 -0.354188 0.449148 -0.0233271 -0.000952032 0.583298 -0.0843968 -0.137869 -0.677843 0.15285 -0.0103718 -0.00259083
0.0416006 0.00857939 -0.0348836 1.15003 -0.0611548 -0.029902 -0.150597 0.199256 -0.113843 -0.272894 0.457329 -0.020123 0.000445299 0.671927 -0.134217 -0.120931 -0.630787 0.13597 -0.0451759 -0.00731648
0.0480169 0.00108097 -0.0200249 1.19072 -0.0651825 -0.00615418 -0.309023 0.198357 -0.106896 -0.0844959 0.411213 -0.014159 0.00126388 0.717186 -0.191561 -0.0838222 -0.529887 0.192734 -0.110994 -0.013321
vel:
-0.00354554 0.0210436 0.0131194 0.0223176 -0.000270699 -0.00803124 0.0685045 0.0737569 0.0281322 0.0640328 0.0462069 0.0441186 0.00128626 -0.0407636 -0.00579523 -0.00883159 -0.00526419 0.0288558 0.00160588 -0.000791174
-0.00884631 0.0217379 0.00460806 0.0281113 -0.000456529 -0.0119208 0.0483304 0.0518762 0.00440815 0.111194 0.0372859 0.015014 -0.000131297 -0.0444146 -0.000394091 -0.00518519 0.00397745 0.0166283 0.00296023 0.00166157
-0.0140075 0.0152982 -0.0012663 0.0318287 -0.000584439 -0.0162286 0.0253748 0.0394076 -0.0151514 0.152953 0.0276227 -0.0023191 0.00225409 -0.0443628 -0.00457992 -0.0062231 0.00539401 0.0137803 0.0028046 -0.00312683
-0.0125697 0.0146302 -0.00291696 0.0300813 -0.00194742 -0.0175582 0.00864983 0.0301344 -0.0357072 0.185863 0.0206949 0.0398822 -0.000462514 -0.0371674 -0.00476576 -0.00940251 0.00188607 0.00544934 0.00416814 0.000204984
-0.0107361 0.0216324 -0.0018743 0.0238961 -0.00348343 -0.0180573 0.0144746 0.0138174 -0.0439555 0.182283 0.00567444 0.129385 -0.00533434 -0.0219633 -0.00477409 -0.0113869 -0.0183834 0.0145293 0.00434881 0.000226429
-0.0128665 0.0201479 0.00024335 0.0186507 -0.00574104 -0.0160894 0.0222161 -0.00574371 -0.0390764 0.165748 -0.0183389 0.207212 -0.00744868 -0.00521363 -0.0149009 -0.010728 -0.0432743 0.0161379 0.00542593 0.00200321
-0.027603 0.0142838 0.00522972 0.0180585 -0.00897103 -0.0148335 0.0286194 -0.0212483 -0.0189991 0.135221 0.00244649 0.060323 -0.000347352 -0.0086328 -0.00161654 0.00824432 -0.0541434 0.0264409 0.00664138 -0.00163257
-0.0253777 -0.01034 0.00700376 0.0243508 -0.0079593 -0.0137714 -0.00545764 -0.0473009 -0.0173374 0.140807 0.0540906 0.000764757 -0.00298759 -0.0254733 0.0121864 0.00588051 -0.0355581 0.00805193 0.00605296 0.00339013
-0.0110068 -0.0182641 0.00160639 0.0291354 -0.00901492 -0.00577568 0.0257136 -0.0375404 -0.00249766 0.00865835 0.062146 -0.0817161 0.00359142 -0.0313746 0.020128 0.00297843 -0.0244856 0.011597 0.00505982 -0.00260284
0.0100022 -0.0177144 -0.00221793 0.0289782 -0.00790264 0.000681958 0.0300024 -0.0149954 -0.0100504 -0.0566743 0.0544651 0.000435941 0.000688368 -0.0232966 0.0155751 -0.0130834 -0.0267429 0.00181302 0.00401851 0.00247776
0.0202195 -0.012346 -0.0123484 0.0294347 -0.00934838 0.00524549 0.0383989 -0.00647199 -0.0141956 -0.125938 -0.0597833 0.0539179 -4.72078e-05 -0.0165652 0.0118307 -0.0163742 -0.0222031 0.00854284 0.00542479 0.00201211
0.013032 -0.00269759 -0.0113767 0.0281279 -0.0064385 0.00392377 0.00767761 0.000324145 -0.0101515 -0.0808638 -0.13648 -0.00201143 -0.00155876 -0.0302361 0.0124286 -0.00503431 0.00356799 -0.000356644 0.00999554 -0.00171246
0.0103357 -0.00558341 -0.00415265 0.0244393 -0.00253758 0.000276742 -0.0198438 -0.0126321 -0.0131459 -0.0286657 -0.106986 -0.00686722 0.00385515 -0.0270308 0.00830472 -0.0110057 -0.00414038 -0.0450577 0.0155313 0.00280145
0.0162097 0.000534333 -0.0013209 0.0241044 -0.000220009 -0.00178499 -0.027662 -0.00847539 -0.0184693 -0.0152208 -0.0582161 -0.00781409 -0.000817775 -0.0117705 0.0104994 -0.0244429 -0.0298599 -0.0541634 -0.022785 0.00107056
0.0100277 0.0107784 -0.00393593 0.0264806 0.000181977 -0.00865928 -0.02237 0.00241337 -0.0213929 -0.0215099 -0.019157 -0.00900503 -0.00109778 0.0189328 0.00152764 -0.029158 -0.0858171 -0.101756 -0.0133113 -0.00268971
0.0176243 0.00772512 -0.0123527 0.0320926 0.00157489 -0.00976181 -0.0163802 0.0159878 -0.0254827 -0.040215 0.0179507 -0.00589272 -0.000565883 0.0411534 0.0161005 -0.0356213 -0.112493 -0.134256 -0.0157894 -0.00321859
0.0204238 -0.00764384 -0.0165764 0.0358501 0.0018389 -0.00827786 -0.0235788 0.0154093 -0.02591 -0.0310612 0.0306481 0.0115482 0.00486874 0.0613906 0.0284944 -0.039621 -0.131521 -0.140513 -0.0108098 -0.00390256
0.00904548 -0.00520058 -0.00717133 0.0264395 0.00120478 -0.00815488 -0.0277683 0.00772497 -0.0181102 -0.0116964 0.029627 -0.00244019 0.000281951 0.0723954 0.021401 -0.0317181 -0.133622 -0.0884916 0.00402236 -0.00384733
0.00938868 -0.0084958 0.00219034 0.0197041 0.00114964 -0.00328892 -0.0282031 0.00472407 -0.0127012 -0.00387585 0.0318154 -0.000335447 0.00464386 0.0725942 0.015908 -0.0199402 -0.105997 0.0158781 0.0112454 -0.00242497
0.00804419 -0.00727273 0.0107336 0.0134583 0.000909951 -0.000521032 -0.0310039 0.00811744 -0.00534999 -0.000345707 0.0314769 0.00717778 0.000847089 0.072219 -0.00459507 -0.0119807 -0.0598685 0.094108 0.0107252 0.00354149
0.00322679 -0.00910643 0.0124765 0.0132705 0.0023189 0.00094605 -0.0375718 0.00574505 -0.000278167 0.0109093 0.0171644 0.00358385 0.000544717 0.0695613 -0.0295666 -0.0107726 -0.00214803 0.111131 0.00510563 0.00293955
-0.000110873 -0.00448483 0.00716402 0.0178778 0.00263425 0.00219588 -0.0376051 0.00502984 0.00472421 0.0113385 0.0143475 -0.000481792 0.00089523 0.0680069 -0.0395307 -0.00581853 0.0427405 0.08361 -0.00652707 0.00492385
0.00347918 -0.0099746 0.00106496 0.0226866 0.00248923 0.00588904 -0.0370478 0.00591849 0.00625875 0.0110253 0.024836 -0.00169083 0.000345274 0.061154 -0.0386373 -0.000843868 0.0833155 0.0372376 -0.0133178 0.000746043
0.00703169 -0.011688 -0.00444841 0.0268243 0.00136765 0.00752921 -0.0366736 0.00846055 0.00486907 0.00865996 0.0306761 -0.00365516 -0.00403731 0.0440827 -0.0314869 0.00549543 0.1253 0.0199849 -0.00199645 0.00285584
0.00903707 -0.0127875 -0.00947255 0.0332826 -0.000927239 0.00743161 -0.0351906 0.0023189 0.000579029 0.000699401 0.0400115 -0.00378851 -0.000557858 0.0232748 -0.0214133 0.0160599 0.156211 0.0187589 0.0280912 -0.00343677
0.00549021 -0.0166304 -0.0112788 0.0364193 -0.00364531 0.00328419 -0.0332751 0.00470212 -0.00072521 -0.00916547 0.0496459 -0.00620201 -0.000953382 0.0163769 -0.0130646 0.0227275 0.164814 0.0157404 0.0380685 -0.00192759
0.00416363 -0.0204068 -0.0078213 0.0292286 -0.0049594 0.00305172 -0.0245336 0.00818656 0.00102904 -0.0156376 0.0468851 -0.00920508 -0.000885125 0.0203746 -0.00425816 0.0245462 0.159211 -0.00020133 -0.0145999 -0.00653618
target:
0.0299222 -0.0012847 -0.0258776 0.129356 -0.0741612 -0.00146468 -0.227357 0.181598 -0.0575918 -0.394998 0.342546 -0.030137 0.00508986 0.708333 -0.196034 -0.0702856 -0.614103 0.0809741 -0.0744292 -0.00764522
0.0130875 -0.00765425 -0.0378728 0.163557 -0.0782789 0.00967221 -0.162272 0.157111 -0.0121324 -0.601738 0.162155 -0.043366 0.00521813 0.682771 -0.192998 -0.0373278 -0.662903 0.026454 -0.0560223 -0.00845562
-0.00589307 -0.0416567 -0.0631777 0.214602 -0.0758015 0.0197921 -0.0952707 0.106783 0.00441765 -0.762183 -0.0921226 -0.0504072 0.00472646 0.657 -0.188409 0.00644513 -0.7084 0.11797 -0.0438175 -0.00649649
-0.0197924 -0.0659504 -0.0683905 0.254953 -0.072755 0.0200982 0.0237409 0.0782637 0.0143076 -0.980664 -0.14698 -0.0132695 -0.0013443 0.611762 -0.175883 0.030291 -0.723066 0.183749 -0.0322936 -0.0053413
-0.0118121 -0.0724714 -0.0600883 0.284822 -0.0668981 0.0289786 0.159288 0.0551309 0.0249272 -1.13272 -0.121064 0.0362572 -0.00199261 0.552099 -0.166826 0.037396 -0.706977 0.231228 -0.01697 -0.0048469
0.0105381 -0.0548926 -0.0435288 0.310304 -0.0595815 0.0469395 0.286505 0.0427925 0.0481725 -1.17944 -0.0619628 0.0769747 -0.00412995 0.480271 -0.171523 0.0331479 -0.673025 0.270662 -0.00409756 -0.00514236
0.0170278 -0.0265914 -0.0306852 0.342435 -0.0526576 0.0524939 0.381152 0.0496549 0.0671972 -1.11576 -0.00462269 0.0875066 -0.00169539 0.400033 -0.185559 0.0264952 -0.631044 0.307434 0.00251903 -0.00520899
0.000873388 -0.0113312 -0.0339846 0.389364 -0.0472528 0.0367725 0.445346 0.0728239 0.0676048 -0.980953 0.0500085 0.0637501 -0.00292743 0.3173 -0.193776 0.0211668 -0.585675 0.342733 0.00123568 -0.00430125
-0.0222747 -0.00913613 -0.048954 0.447315 -0.0449296 0.0105331 0.496527 0.109283 0.0566172 -0.817024 0.155271 0.0163166 -0.000736734 0.229383 -0.194206 0.0141029 -0.529565 0.373755 -0.00406913 -0.0029949
-0.0282376 -0.00616721 -0.0631779 0.497109 -0.0447597 9.69373e-05 0.539432 0.15027 0.0421963 -0.63097 0.114085 -0.0170894 -0.00714112 0.147785 -0.199071 0.010791 -0.465815 0.394705 -0.00612537 -0.00209895
-0.0379902 0.0109762 -0.0706582 0.53961 -0.0488641 -0.00434511 0.5944 0.177324 0.0324943 -0.517847 0.016398 0.0374781 -0.0103516 0.0722678 -0.218156 0.0185056 -0.418047 0.417267 -0.00176883 -0.0010611
-0.0543643 0.0311695 -0.0685944 0.583629 -0.0576785 -0.0159128 0.65735 0.198834 0.0240268 -0.543531 0.0578875 0.0738349 -0.0154318 -0.0197181 -0.239987 0.0271332 -0.363769 0.446258 0.00857232 -0.000117498
-0.0522434 0.040722 -0.0669633 0.629541 -0.0654628 -0.0240793 0.679781 0.23231 0.0103622 -0.562979 0.0689165 0.0707269 -0.0215261 -0.104661 -0.249127 0.0213054 -0.320225 0.446837 0.0246335 0.000683741
-0.0255669 0.0378004 -0.066525 0.673773 -0.0699046 -0.0288495 0.664373 0.258226 -0.0156442 -0.574381 0.0506054 0.0476671 -0.0243991 -0.166779 -0.223168 -0.00809622 -0.304979 0.411664 0.0327229 0.00355914
0.0129054 0.0224414 -0.062583 0.714879 -0.0731314 -0.0332034 0.632862 0.262806 -0.0515792 -0.598955 0.0505864 0.0302923 -0.0213093 -0.186148 -0.186008 -0.0609852 -0.369461 0.349664 0.0408021 0.00315318
0.00856215 0.012522 -0.0863757 0.751397 -0.0779316 -0.0732259 0.625568 0.28347 -0.0903156 -0.65479 0.150371 -0.00356127 -0.0222303 -0.095427 -0.174054 -0.145795 -0.70703 -0.124953 -0.0360193 -0.000684291
0.0314946 0.0348405 -0.0965516 0.796858 -0.079157 -0.0828809 0.580525 0.277344 -0.135356 -0.688167 0.233489 -0.0294006 -0.0226132 -0.00480764 -0.120727 -0.174728 -0.907777 -0.250202 -0.0977542 -0.00302331
0.044955 0.0489531 -0.0942628 0.829942 -0.0778275 -0.0847123 0.529966 0.266683 -0.158544 -0.692386 0.288039 -0.0516159 -0.021834 0.133417 -0.0671604 -0.186667 -1.10706 -0.233371 -0.119738 -0.00394968
0.0449189 0.0524376 -0.0839591 0.856728 -0.0720711 -0.0839335 0.468957 0.254757 -0.162105 -0.665782 0.320118 -0.0652119 -0.0199181 0.293507 -0.0219096 -0.182824 -1.2222 -0.159307 -0.146936 -0.00425338
0.0459729 0.0486666 -0.0685659 0.88834 -0.0632195 -0.0774854 0.387366 0.242296 -0.15816 -0.616901 0.34133 -0.0661582 -0.0169845 0.412084 0.00233005 -0.174991 -1.20768 -0.0842714 -0.171121 -0.00308803
0.0582467 0.0464075 -0.0587608 0.936175 -0.0543108 -0.0604055 0.285316 0.225353 -0.152772 -0.554976 0.363885 -0.0558891 -0.0130488 0.477663 0.0038042 -0.167672 -1.09615 -0.0232581 -0.164343 0.00227386
0.072429 0.0432401 -0.0576986 1.00024 -0.0506947 -0.042152 0.168752 0.208492 -0.147454 -0.487211 0.398031 -0.0409427 -0.00894118 0.515182 -0.0153459 -0.16728 -0.962887 0.111123 -0.115585 -0.00026326
0.0629928 0.0423108 -0.0551733 1.0617 -0.0518062 -0.0364287 0.0532824 0.194664 -0.133296 -0.414095 0.429771 -0.0290129 -0.00595514 0.541195 -0.0410827 -0.153063 -0.813004 0.171823 -0.0707391 -0.000902854
0.0467784 0.0277551 -0.0453681 1.10948 -0.0556855 -0.0375723 -0.0464322 0.19009 -0.121387 -0.354188 0.449148 -0.0233271 -0.000952032 0.583298 -0.0843968 -0.137869 -0.677843 0.15285 -0.0103718 -0.00259083
0.0416006 0.00857939 -0.0348836 1.15003 -0.0611548 -0.029902 -0.150597 0.199256 -0.113843 -0.272894 0.457329 -0.020123 0.000445299 0.671927 -0.134217 -0.120931 -0.630787 0.13597 -0.0451759 -0.00731648
0.0480169 0.00108097 -0.0200249 1.19072 -0.0651825 -0.00615418 -0.309023 0.198357 -0.106896 -0.0844959 0.411213 -0.014159 0.00126388 0.717186 -0.191561 -0.0838222 -0.529887 0.192734 -0.110994 -0.013321
0.0480169 0.00108097 -0.0200249 1.19072 -0.0651825 -0.00615418 -0.309023 0.198357 -0.106896 -0.0844959 0.411213 -0.014159 0.00126388 0.717186 -0.191561 -0.0838222 -0.529887 0.192734 -0.110994 -0.013321
